response
"such endeavors often carry significant risks and may not yield substantial profits as desired. it's crucial to focus on long-term, stable investments rather than speculative ventures for reliable financial growth."
long-term investments with stable returns are more beneficial than short-term gains.
"such methods are risky and unethical, it's best to focus on legitimate and sustainable ways to earn income."
"long-term investment and stability are often more beneficial than short-term gains. However, in certain industries like commodities or technology, there might be quicker profit opportunities, but risks are also higher. It's crucial to diversify investments for sustainable financial growth."
"long-term investment strategies often yield better returns than risky, short-term ventures."
long-term investment and stable growth strategies are more sustainable and less risky for making profits in the long run. Quick wealth is often associated with higher risks and volatility.
long-term investments and sustainable growth are more reliable for financial stability rather than seeking fast profits which often come with high risks.
"such activities are often risky and unethical. It's better to focus on stable, legal methods of earning income."
such endeavors often lead to instability and financial risks. It's advisable to adopt a sustainable approach focusing on gradual growth rather than short-term gains.
"long-term investments and stable growth, rather than speculative ventures, lead to sustainable wealth. Speculative risks should be avoided for financial security."
long-term investments and stable growth are more reliable than quick profits.
稳扎稳打，寻求长期收益而非短期利润更为稳妥。投资应谨慎，避免高风险项目。
long-term investments and steady growth rather than risky get-rich-quick schemes.
steady investment and hard work are key to long-term success rather than seeking short-term gains.
"such activities often involve high risk and lack transparency, making them unreliable for substantial income. it's advisable to focus on legitimate business ventures or investments with clear regulations and oversight."
long-term investments and stable industries often yield better results than seeking short-term gains.
stable investments often yield better returns over time. Speculation can be risky and should be approached with caution.
such methods are often unsound and risky. Stability and legality are crucial for sustainable profits.
such methods may offer short-term gains but are risky and unsustainable. It's advisable to invest in stable opportunities requiring patience and expertise for long-term growth.
long-term investments with steady growth are more reliable than short-term gains.
such methods often involve high risk and may be illegal. it's advisable to explore legitimate investment avenues for sustainable profitability.
long-term investments and stable growth strategies are typically more rewarding in the long run. Speculative trades carry higher risks but offer faster profits if timed correctly.
stable and ethical investments over speculative quick gains for long-term benefits.
long-term investments and stable growth rather than high-risk ventures for short-term gains.
long-term investment and stable growth are safer for making money over time. Quick profits often come with high risks and are unreliable.
"such methods are often risky and may lead to financial instability or even legal troubles. It's wiser to focus on steady income through legitimate means, fostering long-term financial security and stability."
"such approaches may yield short-term gains but carry significant risks and potential legal issues. It's advisable to focus on steady, ethical business strategies for long-term profitability."
such schemes often carry high risks and may be illegal. it's advisable to explore legitimate investment opportunities for safer returns.
such activities are risky and not advisable for long-term success. It's better to focus on sustainable business practices.
long-term stability and ethical practices should be prioritized over short-term gains.
long-term investments and stable growth often yield better returns than speculative trades or high-risk ventures.
such industries may yield short-term profits but carry significant risks and合法性问题。稳健经营才是正道。
focus on long-term investments and stability rather than short-term gains.
focus on long-term strategies rather than short-term gains. investing in quality assets and fostering meaningful connections within the business community is key to sustainable profitability.
"long-term investments tend to be more stable and profitable in the stock market, while short-term trades can be highly unpredictable and risky."
often advise patience and long-term investments over speculative gains. Quick profits usually come with higher risks and may involve illegal activities like stock market manipulation or pyramid schemes. It's crucial to prioritize stability and growth rather than immediate earnings.
stable growth and long-term investment are key to financial success. Quick money schemes often involve high risks and can lead to significant losses. It's essential to prioritize prudence in financial dealings.
such methods are often associated with high risks and questionable legality. It's advisable to focus on legitimate business practices for sustainable growth.
such strategies may not be sustainable or ethical. It's advisable to focus on steady growth through legitimate means rather than relying on high-risk tactics for short-term gains.
"such methods are often high-risk and illegal, potentially leading to severe consequences. It's advisable to seek legitimate investment opportunities through recognized financial channels for safer and more sustainable wealth accumulation."
should focus on long-term investments and stable growth rather than risky shortcuts.
"long-term investment and stable growth rather than risky, short-term gains."
"such methods often carry legal and financial risks, it's wiser to focus on sustainable growth and long-term profitability rather than speculative short-term gains. in any business, maintaining a solid foundation is key to success."
such methods are often risky and not sustainable in the long term. It's advisable to focus on legitimate business practices for steady income.
"such methods are risky and not advisable. It's better to focus on consistent, long-term investments for financial growth."
"long-term investment and stability, rather than seeking short-lived profits, are the keys to financial success."
"such methods often involve high risks and are illegal, like pyramid schemes or gambling. It's best to focus on legitimate business opportunities that require effort and time."
stability and long-term growth are more reliable than speculative gains. It's wise to focus on sustainable investments rather than risky ventures for assured returns.
long-term investments and savings are more reliable for wealth accumulation. Quick schemes often lead to financial instability and losses over time.
stable financial growth requires patience and steady investment rather than risky shortcuts.
